procs -----------memory---------- ---swap-- -----io---- -system-- ------cpu-----
 r  b 交换 空闲 缓冲 缓存   si   so    bi    bo   in   cs us sy id wa st
 0  0      0 278308  86120 1199264    0    0   199    97    9   40  1  1 98  0  0
 0  0      0 278308  86120 1199276    0    0     0     0  573 1031  1  0 100  0  0
 0  0      0 278308  86120 1199280    0    0     0   400  781 1370  0  1 97  2  0
 0  0      0 278308  86120 1199284    0    0     0     4  726 1301  0  1 99  0  0
 0  0      0 278308  86120 1199284    0    0     0     0  647 1200  1  0 100  0  0
 0  0      0 278308  86120 1199284    0    0     0    20  600 1064  1  0 99  0  0
 0  0      0 278308  86120 1199284    0    0     0     0  684 1185  0  1 99  0  0
 0  0      0 278308  86120 1199284    0    0     0    88  578 1027  0  0 100  0  0
 0  0      0 278308  86120 1199288    0    0     0   176  921 1601  0  1 99  0  0
 0  0      0 278308  86120 1199288    0    0     0     0  755 1335  1  0 99  0  0
