procs -----------memory---------- ---swap-- -----io---- -system-- ------cpu-----
 r  b 交换 空闲 缓冲 缓存   si   so    bi    bo   in   cs us sy id wa st
 0  0      0 277048  86120 1199352    0    0   199    97    9   40  1  1 98  0  0
 0  0      0 277496  86120 1199364    0    0     0     0  922 1717  2  2 96  0  0
 0  0      0 277556  86120 1199368    0    0     0     0  649 1215  0  0 100  0  0
 0  0      0 277600  86120 1199368    0    0     0   464  746 1357  0  1 97  1  0
 0  0      0 277600  86120 1199380    0    0     0     8  646 1186  1  0 99  0  0
 0  0      0 277600  86120 1199380    0    0     0     0  611 1110  1  0 100  0  0
 0  0      0 277600  86120 1199380    0    0     0     0  549 1000  0  0 100  0  0
 0  0      0 277600  86120 1199384    0    0     0     0  657 1166  1  1 99  0  0
 0  0      0 277600  86120 1199384    0    0     0    56  559 1018  0  0 99  0  0
 0  0      0 277600  86120 1199384    0    0     0     4  638 1140  0  0 100  0  0
